148160      128         18          74          167         
4259        80          16          21          30          
4740        80          16          25          27          
4652        80          16          24          27          
4988        80          15          28          38          
8289        80          15          29          30          
4877        80          15          26          30          
10458       80          15          31          33          
5160        80          15          24          26          
6122        80          16          26          29          
9382        80          15          30          35          
7366        80          16          23          24          
10988       80          15          30          33          
10757       80          14          31          36          
10949       80          15          24          26          
9579        80          14          27          28          
10018       80          14          22          22          
26524       160         19          41          46          
27257       160         20          39          23          
27057       160         20          41          35          
27118       160         21          38          83          
27146       160         19          46          140         
29161       160         26          28          26          
161935      128         6           24          30          
160907      128         5           24          30          
161451      128         6           22          30          
148160      128         18          74          167         
4259        80          16          21          30          
4740        80          16          25          27          
4652        80          16          24          27          
4988        80          15          28          38          
8289        80          15          29          30          
4877        80          15          26          30          
10458       80          15          31          33          
5160        80          15          24          26          
6122        80          16          26          29          
9382        80          15          30          35          
7366        80          16          23          24          
10988       80          15          30          33          
10757       80          14          31          36          
10949       80          15          24          26          
9579        80          14          27          28          
10018       80          14          22          22          
26524       160         19          41          46          
27257       160         20          39          23          
27057       160         20          41          35          
27118       160         21          38          83          
27146       160         19          46          140         
29161       160         26          28          26          
161935      128         6           24          30          
160907      128         5           24          30          
161451      128         6           22          30          
